$ 1 0.000005 0.008208499862389881 1 5 50 5e-11
172 -208 176 -240 176 0 7 3.3 3.3 0 0 0.5 Y0
w -176 96 -176 48 1
R -176 48 -176 32 0 0 40 5 0 0 0.5
g 64 464 64 480 0 0
w -176 128 -176 160 0
172 -240 112 -272 112 0 7 3.3 3.3 0 0 0.5 X0
172 32 448 16 448 0 7 0 5 0 0 0.5 Z0
172 112 448 96 448 0 7 0 5 0 0 0.5 Z1
g 144 464 144 480 0 0
172 192 448 176 448 0 7 0 5 0 0 0.5 Z2
g 224 464 224 480 0 0
172 272 448 256 448 0 7 0 5 0 0 0.5 Z3
g 304 464 304 480 0 0
172 352 448 336 448 0 7 0 5 0 0 0.5 Z4
g 384 464 384 480 0 0
w -96 192 -176 192 0
w 144 192 64 192 0
w 64 192 -16 192 0
w -16 192 -96 192 0
p 144 192 208 192 1 0 0
p 144 240 208 240 1 0 0
34 blue_led 1 9.32e-11 0 4.8544899176912235 0 1
162 368 192 368 240 2 blue_led 0 0 1 0.03
p 608 240 672 240 1 0 0
p 608 192 672 192 1 0 0
w 448 192 368 192 0
w 528 192 448 192 0
w 608 192 528 192 0
w 368 192 288 192 0
172 256 112 224 112 0 7 0 3.3 0 0 0.5 X1
w 288 128 288 160 0
r 64 368 64 432 0 330
R 288 48 288 32 0 0 40 5 0 0 0.5
w 288 96 288 48 1
172 256 176 224 176 0 7 0 3.3 0 0 0.5 Y1
p -240 112 -240 48 1 0 0
w -240 48 -176 48 0
162 288 192 288 240 2 blue_led 0 0 1 0.03
162 448 192 448 240 2 blue_led 0 0 1 0.03
162 528 192 528 240 2 blue_led 0 0 1 0.03
162 608 192 608 240 2 blue_led 0 0 1 0.03
162 -176 192 -176 240 2 blue_led 0 0 1 0.03
162 -96 192 -96 240 2 blue_led 0 0 1 0.03
162 -16 192 -16 240 2 blue_led 0 0 1 0.03
162 64 192 64 240 2 blue_led 0 0 1 0.03
162 144 192 144 240 2 blue_led 0 0 1 0.03
w -176 240 -176 352 0
w -176 352 64 352 0
w 64 352 64 368 0
w 288 240 288 352 0
w 288 352 64 352 0
w 368 240 368 336 0
w 368 336 144 336 0
w 144 336 144 368 0
w -96 240 -96 336 0
w -96 336 144 336 0
w -16 240 -16 320 0
w -16 320 224 320 0
w 224 320 224 368 0
w 64 240 64 304 0
w 64 304 304 304 0
w 304 304 304 368 0
w 224 320 448 320 0
w 448 320 448 240 0
w 304 304 528 304 0
w 528 240 528 304 0
w 608 240 608 288 0
w 608 288 384 288 0
w 384 288 384 368 0
w 144 240 144 288 0
w 144 288 384 288 0
t 352 448 384 448 0 1 -4.951640971833641 0 100 default
t 256 112 288 112 0 -1 -4.976196886589938 -5 100 default
t 256 176 288 176 0 -1 -4.958268634764755 -4.976196886589938 100 default
t -240 112 -176 112 0 -1 -1.6761968865899388 -1.6999999999999997 100 default
t -208 176 -176 176 0 -1 -1.6582686347647568 -1.6761968865899393 100 default
t 272 448 304 448 0 1 -4.951640968773568 0 100 default
t 192 448 224 448 0 1 -4.951640970088617 0 100 default
t 112 448 144 448 0 1 -4.951640970630516 0 100 default
t 32 448 64 448 0 1 -4.951640970440928 0 100 default
r 144 368 144 432 0 330
r 224 368 224 432 0 330
r 304 368 304 432 0 330
r 384 368 384 432 0 330
o 11 64 0 4099 5 0.00009765625 0 2 11 3
o 33 64 0 4099 0.0000762939453125 0.00009765625 1 2 33 3
