$ 1 0.000005 6.450009306485578 50 5 50 5e-11
172 -208 176 -240 176 0 7 0 5 0 0 0.5 Y0
w -176 96 -176 48 1
f -208 176 -176 176 33 1.9 0.02
R -176 48 -176 32 0 0 40 5 0 0 0.5
r -176 240 -176 304 0 330
g 64 464 64 480 0 0
f -208 112 -176 112 33 1.9 0.02
w -176 128 -176 160 0
172 -208 112 -240 112 0 7 0 5 0 0 0.5 X0
f 32 448 64 448 32 1.5 0.02
172 32 448 16 448 0 7 3.25 5 0 0 0.5 Z0
r -96 240 -96 304 0 330
r -16 240 -16 304 0 330
r 64 240 64 304 0 330
r 144 240 144 304 0 330
172 112 448 96 448 0 7 3.3 5 0 0 0.5 Z1
f 112 448 144 448 32 1.5 0.02
g 144 464 144 480 0 0
172 192 448 176 448 0 7 3.3 5 0 0 0.5 Z2
f 192 448 224 448 32 1.5 0.02
g 224 464 224 480 0 0
172 272 448 256 448 0 7 3.45 5 0 0 0.5 Z3
f 272 448 304 448 32 1.5 0.02
g 304 464 304 480 0 0
172 352 448 336 448 0 7 3.3 5 0 0 0.5 Z4
f 352 448 384 448 32 1.5 0.02
g 384 464 384 480 0 0
w -96 192 -176 192 0
w 144 192 64 192 0
w 64 192 -16 192 0
w -16 192 -96 192 0
34 blue_led 1 9.32e-11 0 4.8544899176912235 0 1
162 144 192 144 240 2 blue_led 0 0 1 0.01
p 144 192 208 192 1 0 0
p 144 240 208 240 1 0 0
162 64 192 64 240 2 blue_led 0 0 1 0.01
162 -16 192 -16 240 2 blue_led 0 0 1 0.01
162 -96 192 -96 240 2 blue_led 0 0 1 0.01
162 -176 192 -176 240 2 blue_led 0 0 1 0.01
162 288 192 288 240 2 blue_led 0 0 1 0.01
162 368 192 368 240 2 blue_led 0 0 1 0.01
162 448 192 448 240 2 blue_led 0 0 1 0.01
162 528 192 528 240 2 blue_led 0 0 1 0.01
p 608 240 672 240 1 0 0
p 608 192 672 192 1 0 0
162 608 192 608 240 2 blue_led 0 0 1 0.01
w 448 192 368 192 0
w 528 192 448 192 0
w 608 192 528 192 0
w 368 192 288 192 0
r 608 240 608 304 0 330
r 528 240 528 304 0 330
r 448 240 448 304 0 330
r 368 240 368 304 0 330
172 256 112 224 112 0 7 0 5 0 0 0.5 X1
w 288 128 288 160 0
f 256 112 288 112 33 1.9 0.02
r 288 240 288 304 0 330
R 288 48 288 32 0 0 40 5 0 0 0.5
f 256 176 288 176 33 1.9 0.02
w 288 96 288 48 1
172 256 176 224 176 0 7 0 5 0 0 0.5 Y1
w -176 304 -176 416 0
w -176 416 64 416 0
w 64 416 64 432 0
w 288 304 288 416 0
w 288 416 64 416 0
w -96 304 -96 400 0
w -96 400 144 400 0
w 144 400 144 432 0
w 144 400 368 400 0
w 368 400 368 304 0
w -16 304 -16 384 0
w -16 384 224 384 0
w 224 384 224 432 0
w 64 304 64 368 0
w 64 368 304 368 0
w 304 368 304 432 0
w 144 304 144 352 0
w 144 352 384 352 0
w 384 352 384 432 0
w 448 304 448 384 0
w 448 384 224 384 0
w 528 304 528 368 0
w 528 368 304 368 0
w 384 352 608 352 0
w 608 352 608 304 0
o 2 64 0 4099 5 0.05 0 4 2 3 37 0 37 3
o 37 64 0 4099 5 0.0125 1 2 37 3
o 21 64 0 4099 5 0.00009765625 2 2 21 3
