$ 1 0.000005 12.050203812241895 50 5 50 5e-11
172 144 272 112 272 0 7 3.1 5 0 0 0.5 Gate Voltage
w 288 128 288 80 1
f 32 176 80 176 33 2.1 0.02
R 288 80 288 64 0 0 40 5 0 0 0.5
34 zener-2.8 0 9.32e-11 0.042 3.73 2.8 0
162 320 192 320 240 2 zener-2.8 0 0 1 0.01
r 320 240 320 304 0 330
g 320 304 320 320 0 0
f 0 112 48 112 33 2.1 0.02
w 48 128 80 128 0
w 80 128 80 160 0
172 240 144 208 144 0 7 3.3 5 0 0 0.5 Gate Voltage
f 144 272 192 272 32 1.5 0.02
f 240 144 288 144 32 1.5 0.02
w 288 160 320 160 0
w 320 160 320 192 0
o 2 64 0 4099 0.0000762939453125 0.00009765625 0 2 2 3
