$ 1 0.000005 12.050203812241895 50 5 50 5e-11
172 -192 176 -224 176 0 7 0 5 0 0 0.5 Gate Voltage
w -176 96 -176 48 1
f -192 176 -144 176 33 2.1 0.02
R -176 48 -176 32 0 0 40 5 0 0 0.5
162 -144 192 -144 240 2 default-led 0 0 1 0.01
r -144 240 -144 304 0 330
g -144 352 -144 368 0 0
f -224 112 -176 112 33 2.1 0.02
w -176 128 -144 128 0
w -144 128 -144 160 0
172 -224 112 -256 112 0 7 0 5 0 0 0.5 Gate Voltage
f -208 336 -144 336 32 1.5 0.02
w -144 304 -144 320 0
172 -208 336 -240 336 0 7 3.3 5 0 0 0.5 Gate Voltage
r -16 256 -16 320 0 330
162 -16 208 -16 256 2 default-led 0 0 1 0.01
r 112 256 112 320 0 330
162 112 208 112 256 2 default-led 0 0 1 0.01
r 240 256 240 320 0 330
162 240 208 240 256 2 default-led 0 0 1 0.01
r 400 256 400 320 0 330
162 400 208 400 256 2 default-led 0 0 1 0.01
172 -80 336 -112 336 0 7 3.35 5 0 0 0.5 Gate Voltage
f -80 336 -16 336 32 1.5 0.02
g -16 352 -16 368 0 0
172 48 336 16 336 0 7 3.3 5 0 0 0.5 Gate Voltage
f 48 336 112 336 32 1.5 0.02
g 112 352 112 368 0 0
172 176 336 144 336 0 7 3.3 5 0 0 0.5 Gate Voltage
f 176 336 240 336 32 1.5 0.02
g 240 352 240 368 0 0
172 336 336 304 336 0 7 3.25 5 0 0 0.5 Gate Voltage
f 336 336 400 336 32 1.5 0.02
g 400 352 400 368 0 0
w -16 208 -16 192 0
w -16 192 -144 192 0
w 112 208 112 192 0
w 240 208 240 192 0
w 400 208 400 192 0
w 400 192 240 192 0
w 240 192 112 192 0
w 112 192 -16 192 0
o 2 64 0 4099 5 0.05 0 2 2 3
