$ 1 0.000005 6.450009306485578 50 5 50 5e-11
172 -208 176 -240 176 0 7 0 5 0 0 0.5 Gate Voltage
w -176 96 -176 48 1
f -208 176 -176 176 33 1.9 0.02
R -176 48 -176 32 0 0 40 5 0 0 0.5
r -176 240 -176 304 0 330
g -176 336 -176 352 0 0
f -208 112 -176 112 33 1.9 0.02
w -176 128 -176 160 0
172 -208 112 -240 112 0 7 0 5 0 0 0.5 Gate Voltage
f -208 320 -176 320 32 1.5 0.02
172 -208 320 -224 320 0 7 3.3 5 0 0 0.5 Gate Voltage
r -96 240 -96 304 0 330
r -16 240 -16 304 0 330
r 64 240 64 304 0 330
r 144 240 144 304 0 330
172 -128 320 -144 320 0 7 3.3 5 0 0 0.5 Gate Voltage
f -128 320 -96 320 32 1.5 0.02
g -96 336 -96 352 0 0
172 -48 320 -64 320 0 7 3.3 5 0 0 0.5 Gate Voltage
f -48 320 -16 320 32 1.5 0.02
g -16 336 -16 352 0 0
172 32 320 16 320 0 7 3.3 5 0 0 0.5 Gate Voltage
f 32 320 64 320 32 1.5 0.02
g 64 336 64 352 0 0
172 112 320 96 320 0 7 3.3 5 0 0 0.5 Gate Voltage
f 112 320 144 320 32 1.5 0.02
g 144 336 144 352 0 0
w -96 192 -176 192 0
w 144 192 64 192 0
w 64 192 -16 192 0
w -16 192 -96 192 0
34 blue_led 1 9.32e-11 0 4.8544899176912235 0 1
162 144 192 144 240 2 blue_led 0 0 1 0.01
p 144 192 208 192 1 0 0
p 144 240 208 240 1 0 0
162 64 192 64 240 2 blue_led 0 0 1 0.01
162 -16 192 -16 240 2 blue_led 0 0 1 0.01
162 -96 192 -96 240 2 blue_led 0 0 1 0.01
162 -176 192 -176 240 2 blue_led 0 0 1 0.01
o 2 64 0 4099 5 0.05 0 4 2 3 37 0 37 3
o 37 64 0 4099 5 0.0125 1 2 37 3
