$ 1 0.000005 6.450009306485578 50 5 50 5e-11
w -864 96 -864 48 1
f -928 176 -864 176 33 1.5 0.02
R -1312 -80 -1312 -96 0 0 40 5 0 0 0.5
g 96 3024 96 3040 0 0
f -928 112 -864 112 33 1.5 0.02
w -864 128 -864 160 0
f 64 3008 96 3008 32 0.0021000000000000003 0.02
172 64 3008 48 3008 0 7 3.3 3.3 0 0 0.5 Z0
172 144 3008 128 3008 0 7 0 3.3 0 0 0.5 Z1
f 144 3008 176 3008 32 2.1 0.02
g 176 3024 176 3040 0 0
172 224 3008 208 3008 0 7 0 3.3 0 0 0.5 Z2
f 224 3008 256 3008 32 2.1 0.02
g 256 3024 256 3040 0 0
172 304 3008 288 3008 0 7 0 3.3 0 0 0.5 Z3
f 304 3008 336 3008 32 2.1 0.02
g 336 3024 336 3040 0 0
172 384 3008 368 3008 0 7 0 3.3 0 0 0.5 Z4
f 384 3008 416 3008 32 2.1 0.02
g 416 3024 416 3040 0 0
w -784 192 -848 192 0
w -544 192 -624 192 0
w -624 192 -704 192 0
w -704 192 -784 192 0
34 blue_led 1 9.32e-11 0 4.8544899176912235 0 1
162 -320 192 -320 240 2 blue_led 0 0 1 0.03
w -240 192 -320 192 0
w -160 192 -240 192 0
w -80 192 -160 192 0
w -320 192 -400 192 0
w -400 128 -400 160 0
r 96 2928 96 2992 0 100
f -432 176 -400 176 33 2.1 0.02
162 -400 192 -400 240 2 blue_led 0 0 1 0.03
162 -240 192 -240 240 2 blue_led 0 0 1 0.03
162 -160 192 -160 240 2 blue_led 0 0 1 0.03
162 -80 192 -80 240 2 blue_led 0 0 1 0.03
162 -848 192 -848 240 2 blue_led 0 0 1 0.03
162 -784 192 -784 240 2 blue_led 0 0 1 0.03
162 -704 192 -704 240 2 blue_led 0 0 1 0.03
162 -624 192 -624 240 2 blue_led 0 0 1 0.03
162 -544 192 -544 240 2 blue_led 0 0 1 0.03
w -848 240 -848 352 0
w -848 352 -624 352 0
w 64 352 64 368 0
w -400 240 -400 352 0
w -400 352 -624 352 0
w -320 240 -320 336 0
w -320 336 -544 336 0
w 144 336 144 368 0
w -784 240 -784 336 0
w -784 336 -544 336 0
w -704 240 -704 320 0
w -704 320 -464 320 0
w 224 320 224 368 0
w -624 240 -624 304 0
w -624 304 -384 304 0
w 304 304 304 368 0
w -464 320 -240 320 0
w -240 320 -240 240 0
w -384 304 -160 304 0
w -160 240 -160 304 0
w -80 240 -80 288 0
w -80 288 -304 288 0
w 384 288 384 368 0
w -544 240 -544 288 0
w -544 288 -304 288 0
w -864 192 -848 192 0
p -864 128 -1008 160 1 0 0
r 176 2928 176 2992 0 100
r 256 2928 256 2992 0 100
r 336 2928 336 2992 0 100
r 416 2928 416 2992 0 100
w 384 240 384 288 0
w 304 240 304 304 0
w 224 320 224 240 0
w 144 240 144 336 0
w 64 240 64 352 0
162 384 192 384 240 2 blue_led 0 0 1 0.03
162 304 192 304 240 2 blue_led 0 0 1 0.03
162 224 192 224 240 2 blue_led 0 0 1 0.03
162 64 192 64 240 2 blue_led 0 0 1 0.03
f 32 176 64 176 33 2.1 0.02
w 64 128 64 160 0
w 144 192 64 192 0
w 384 192 304 192 0
w 304 192 224 192 0
w 224 192 144 192 0
162 144 192 144 240 2 blue_led 0 0 1 0.03
w -400 352 64 352 0
w 144 336 -320 336 0
w -240 320 224 320 0
w 304 304 -160 304 0
w -80 288 384 288 0
w -864 -80 -864 48 0
w 384 288 848 288 0
w 768 304 304 304 0
w 224 320 688 320 0
w 608 336 144 336 0
w 64 352 528 352 0
162 608 192 608 240 2 blue_led 0 0 1 0.03
w 688 192 608 192 0
w 768 192 688 192 0
w 848 192 768 192 0
w 608 192 528 192 0
w 528 128 528 160 0
f 496 176 528 176 33 2.1 0.02
162 528 192 528 240 2 blue_led 0 0 1 0.03
162 688 192 688 240 2 blue_led 0 0 1 0.03
162 768 192 768 240 2 blue_led 0 0 1 0.03
162 848 192 848 240 2 blue_led 0 0 1 0.03
w 528 240 528 352 0
w 608 240 608 336 0
w 688 320 688 240 0
w 768 240 768 304 0
w 848 240 848 288 0
w 848 288 1312 288 0
w 1232 304 768 304 0
w 688 320 1152 320 0
w 1072 336 608 336 0
w 528 352 992 352 0
162 1072 192 1072 240 2 blue_led 0 0 1 0.03
p 1312 240 1376 240 1 0 0
p 1312 192 1376 192 1 0 0
w 1152 192 1072 192 0
w 1232 192 1152 192 0
w 1312 192 1232 192 0
w 1072 192 992 192 0
w 992 128 992 160 0
f 960 176 992 176 33 2.1 0.02
162 992 192 992 240 2 blue_led 0 0 1 0.03
162 1152 192 1152 240 2 blue_led 0 0 1 0.03
162 1232 192 1232 240 2 blue_led 0 0 1 0.03
162 1312 192 1312 240 2 blue_led 0 0 1 0.03
w 992 240 992 352 0
w 1072 240 1072 336 0
w 1152 320 1152 240 0
w 1232 240 1232 304 0
w 1312 240 1312 288 0
w -928 112 -960 112 0
r -1136 112 -960 112 0 56000
w -960 -144 -960 176 0
w -928 176 -960 176 0
r -1136 -144 -960 -144 0 56000
172 -1136 -144 -1168 -144 0 7 0 3.3 0 0 0.5 Y0
w -464 -144 -464 176 0
w -432 176 -464 176 0
r -640 -144 -464 -144 0 56000
172 -640 -144 -672 -144 0 7 3.3 3.3 0 0 0.5 Y1
w 0 -144 0 176 0
w 32 176 0 176 0
r -176 -144 0 -144 0 56000
172 -176 -144 -208 -144 0 7 3.3 3.3 0 0 0.5 Y2
w 464 -144 464 176 0
w 496 176 464 176 0
r 288 -144 464 -144 0 56000
172 288 -144 256 -144 0 7 3.3 3.3 0 0 0.5 Y3
w 928 -144 928 176 0
w 960 176 928 176 0
r 752 -144 928 -144 0 56000
172 752 -144 720 -144 0 7 3.3 3.3 0 0 0.5 Y4
w 960 816 928 816 0
w 928 496 928 816 0
w 496 816 464 816 0
w 464 496 464 816 0
w 32 816 0 816 0
w 0 496 0 816 0
w -432 816 -464 816 0
w -464 496 -464 816 0
w -928 816 -960 816 0
w -960 496 -960 816 0
r -1136 752 -960 752 0 56000
w -928 752 -960 752 0
w 1312 880 1312 928 0
w 1232 880 1232 944 0
w 1152 960 1152 880 0
w 1072 880 1072 976 0
w 992 880 992 992 0
162 1312 832 1312 880 2 blue_led 0 0 1 0.03
162 1232 832 1232 880 2 blue_led 0 0 1 0.03
162 1152 832 1152 880 2 blue_led 0 0 1 0.03
162 992 832 992 880 2 blue_led 0 0 1 0.03
f 960 816 992 816 33 2.1 0.02
w 992 768 992 800 0
w 1072 832 992 832 0
w 1312 832 1232 832 0
w 1232 832 1152 832 0
w 1152 832 1072 832 0
p 1312 832 1376 832 1 0 0
p 1312 880 1376 880 1 0 0
162 1072 832 1072 880 2 blue_led 0 0 1 0.03
w 528 992 992 992 0
w 1072 976 608 976 0
w 688 960 1152 960 0
w 1232 944 768 944 0
w 848 928 1312 928 0
w 848 880 848 928 0
w 768 880 768 944 0
w 688 960 688 880 0
w 608 880 608 976 0
w 528 880 528 992 0
162 848 832 848 880 2 blue_led 0 0 1 0.03
162 768 832 768 880 2 blue_led 0 0 1 0.03
162 688 832 688 880 2 blue_led 0 0 1 0.03
162 528 832 528 880 2 blue_led 0 0 1 0.03
f 496 816 528 816 33 2.1 0.02
w 528 768 528 800 0
w 608 832 528 832 0
w 848 832 768 832 0
w 768 832 688 832 0
w 688 832 608 832 0
162 608 832 608 880 2 blue_led 0 0 1 0.03
w 64 992 528 992 0
w 608 976 144 976 0
w 224 960 688 960 0
w 768 944 304 944 0
w 384 928 848 928 0
w -864 560 -864 688 0
w -80 928 384 928 0
w 304 944 -160 944 0
w -240 960 224 960 0
w 144 976 -320 976 0
w -400 992 64 992 0
162 144 832 144 880 2 blue_led 0 0 1 0.03
w 224 832 144 832 0
w 304 832 224 832 0
w 384 832 304 832 0
w 144 832 64 832 0
w 64 768 64 800 0
f 32 816 64 816 33 2.1 0.02
162 64 832 64 880 2 blue_led 0 0 1 0.03
162 224 832 224 880 2 blue_led 0 0 1 0.03
162 304 832 304 880 2 blue_led 0 0 1 0.03
162 384 832 384 880 2 blue_led 0 0 1 0.03
w 64 880 64 992 0
w 144 880 144 976 0
w 224 960 224 880 0
w 304 880 304 944 0
w 384 880 384 928 0
p -864 768 -944 800 1 0 0
w -864 832 -848 832 0
w -544 928 -304 928 0
w -544 880 -544 928 0
w 384 928 384 1008 0
w -80 928 -304 928 0
w -80 880 -80 928 0
w -160 880 -160 944 0
w -384 944 -160 944 0
w -240 960 -240 880 0
w -464 960 -240 960 0
w 304 944 304 1008 0
w -624 944 -384 944 0
w -624 880 -624 944 0
w 224 960 224 1008 0
w -704 960 -464 960 0
w -704 880 -704 960 0
w -784 976 -544 976 0
w -784 880 -784 976 0
w 144 976 144 1008 0
w -320 976 -544 976 0
w -320 880 -320 976 0
w -400 992 -624 992 0
w -400 880 -400 992 0
w 64 992 64 1008 0
w -848 992 -624 992 0
w -848 880 -848 992 0
162 -544 832 -544 880 2 blue_led 0 0 1 0.03
162 -624 832 -624 880 2 blue_led 0 0 1 0.03
162 -704 832 -704 880 2 blue_led 0 0 1 0.03
162 -784 832 -784 880 2 blue_led 0 0 1 0.03
162 -848 832 -848 880 2 blue_led 0 0 1 0.03
162 -80 832 -80 880 2 blue_led 0 0 1 0.03
162 -160 832 -160 880 2 blue_led 0 0 1 0.03
162 -240 832 -240 880 2 blue_led 0 0 1 0.03
162 -400 832 -400 880 2 blue_led 0 0 1 0.03
f -432 816 -400 816 33 2.1 0.02
w -400 768 -400 800 0
w -320 832 -400 832 0
w -80 832 -160 832 0
w -160 832 -240 832 0
w -240 832 -320 832 0
162 -320 832 -320 880 2 blue_led 0 0 1 0.03
w -704 832 -784 832 0
w -624 832 -704 832 0
w -544 832 -624 832 0
w -784 832 -848 832 0
172 -1136 112 -1168 112 0 7 0 3.3 0 0 0.5 X0
w -864 768 -864 800 0
f -928 752 -864 752 33 2.1 0.02
f -928 816 -864 816 33 2.1 0.02
w -864 736 -864 688 1
w -960 496 -960 176 0
w -464 496 -464 176 0
w 0 496 0 176 0
w 464 496 464 176 0
w 928 496 928 176 0
w -864 -80 -1312 -80 0
w -864 560 -1312 560 0
w -1312 -80 -1312 560 0
w 64 368 96 368 0
w 144 368 176 368 0
w 224 368 256 368 0
w 304 368 336 368 0
w 384 368 416 368 0
w 64 1008 96 1008 0
w 144 1008 176 1008 0
w 224 1008 256 1008 0
w 304 1008 336 1008 0
w 384 1008 416 1008 0
w 96 368 96 1008 0
w 176 368 176 1008 0
w 256 1008 256 368 0
w 336 368 336 1008 0
w 416 1008 416 368 0
R -1136 752 -1184 752 0 0 40 3.3 0 0 0.5
w 416 1648 416 1008 0
w 336 1008 336 1648 0
w 256 1648 256 1008 0
w 176 1008 176 1648 0
w 96 1008 96 1648 0
w 384 1648 416 1648 0
w 304 1648 336 1648 0
w 224 1648 256 1648 0
w 144 1648 176 1648 0
w 64 1648 96 1648 0
w -1312 560 -1312 1200 0
w -864 1200 -1312 1200 0
w 928 1136 928 816 0
w 464 1136 464 816 0
w 0 1136 0 816 0
w -464 1136 -464 816 0
w -960 1136 -960 816 0
w -864 1376 -864 1328 1
f -928 1456 -864 1456 33 2.1 0.02
f -928 1392 -864 1392 33 2.1 0.02
w -864 1408 -864 1440 0
w -784 1472 -848 1472 0
w -544 1472 -624 1472 0
w -624 1472 -704 1472 0
w -704 1472 -784 1472 0
162 -320 1472 -320 1520 2 blue_led 0 0 1 0.03
w -240 1472 -320 1472 0
w -160 1472 -240 1472 0
w -80 1472 -160 1472 0
w -320 1472 -400 1472 0
w -400 1408 -400 1440 0
f -432 1456 -400 1456 33 2.1 0.02
162 -400 1472 -400 1520 2 blue_led 0 0 1 0.03
162 -240 1472 -240 1520 2 blue_led 0 0 1 0.03
162 -160 1472 -160 1520 2 blue_led 0 0 1 0.03
162 -80 1472 -80 1520 2 blue_led 0 0 1 0.03
162 -848 1472 -848 1520 2 blue_led 0 0 1 0.03
162 -784 1472 -784 1520 2 blue_led 0 0 1 0.03
162 -704 1472 -704 1520 2 blue_led 0 0 1 0.03
162 -624 1472 -624 1520 2 blue_led 0 0 1 0.03
162 -544 1472 -544 1520 2 blue_led 0 0 1 0.03
w -848 1520 -848 1632 0
w -848 1632 -624 1632 0
w 64 1632 64 1648 0
w -400 1520 -400 1632 0
w -400 1632 -624 1632 0
w -320 1520 -320 1616 0
w -320 1616 -544 1616 0
w 144 1616 144 1648 0
w -784 1520 -784 1616 0
w -784 1616 -544 1616 0
w -704 1520 -704 1600 0
w -704 1600 -464 1600 0
w 224 1600 224 1648 0
w -624 1520 -624 1584 0
w -624 1584 -384 1584 0
w 304 1584 304 1648 0
w -464 1600 -240 1600 0
w -240 1600 -240 1520 0
w -384 1584 -160 1584 0
w -160 1520 -160 1584 0
w -80 1520 -80 1568 0
w -80 1568 -304 1568 0
w 384 1568 384 1648 0
w -544 1520 -544 1568 0
w -544 1568 -304 1568 0
w -864 1472 -848 1472 0
p -864 1408 -944 1424 1 0 0
w 384 1520 384 1568 0
w 304 1520 304 1584 0
w 224 1600 224 1520 0
w 144 1520 144 1616 0
w 64 1520 64 1632 0
162 384 1472 384 1520 2 blue_led 0 0 1 0.03
162 304 1472 304 1520 2 blue_led 0 0 1 0.03
162 224 1472 224 1520 2 blue_led 0 0 1 0.03
162 64 1472 64 1520 2 blue_led 0 0 1 0.03
f 32 1456 64 1456 33 2.1 0.02
w 64 1408 64 1440 0
w 144 1472 64 1472 0
w 384 1472 304 1472 0
w 304 1472 224 1472 0
w 224 1472 144 1472 0
162 144 1472 144 1520 2 blue_led 0 0 1 0.03
w -400 1632 64 1632 0
w 144 1616 -320 1616 0
w -240 1600 224 1600 0
w 304 1584 -160 1584 0
w -80 1568 384 1568 0
w -864 1200 -864 1328 0
w 384 1568 848 1568 0
w 768 1584 304 1584 0
w 224 1600 688 1600 0
w 608 1616 144 1616 0
w 64 1632 528 1632 0
162 608 1472 608 1520 2 blue_led 0 0 1 0.03
w 688 1472 608 1472 0
w 768 1472 688 1472 0
w 848 1472 768 1472 0
w 608 1472 528 1472 0
w 528 1408 528 1440 0
f 496 1456 528 1456 33 2.1 0.02
162 528 1472 528 1520 2 blue_led 0 0 1 0.03
162 688 1472 688 1520 2 blue_led 0 0 1 0.03
162 768 1472 768 1520 2 blue_led 0 0 1 0.03
162 848 1472 848 1520 2 blue_led 0 0 1 0.03
w 528 1520 528 1632 0
w 608 1520 608 1616 0
w 688 1600 688 1520 0
w 768 1520 768 1584 0
w 848 1520 848 1568 0
w 848 1568 1312 1568 0
w 1232 1584 768 1584 0
w 688 1600 1152 1600 0
w 1072 1616 608 1616 0
w 528 1632 992 1632 0
162 1072 1472 1072 1520 2 blue_led 0 0 1 0.03
p 1312 1520 1376 1520 1 0 0
p 1312 1472 1376 1472 1 0 0
w 1152 1472 1072 1472 0
w 1232 1472 1152 1472 0
w 1312 1472 1232 1472 0
w 1072 1472 992 1472 0
w 992 1408 992 1440 0
f 960 1456 992 1456 33 2.1 0.02
162 992 1472 992 1520 2 blue_led 0 0 1 0.03
162 1152 1472 1152 1520 2 blue_led 0 0 1 0.03
162 1232 1472 1232 1520 2 blue_led 0 0 1 0.03
162 1312 1472 1312 1520 2 blue_led 0 0 1 0.03
w 992 1520 992 1632 0
w 1072 1520 1072 1616 0
w 1152 1600 1152 1520 0
w 1232 1520 1232 1584 0
w 1312 1520 1312 1568 0
w -928 1392 -960 1392 0
r -1136 1392 -960 1392 0 56000
w -960 1136 -960 1456 0
w -928 1456 -960 1456 0
w -464 1136 -464 1456 0
w -432 1456 -464 1456 0
w 0 1136 0 1456 0
w 32 1456 0 1456 0
w 464 1136 464 1456 0
w 496 1456 464 1456 0
w 928 1136 928 1456 0
w 960 1456 928 1456 0
w 416 2288 416 1648 0
w 336 1648 336 2288 0
w 256 2288 256 1648 0
w 176 1648 176 2288 0
w 96 1648 96 2288 0
w 384 2288 416 2288 0
w 304 2288 336 2288 0
w 224 2288 256 2288 0
w 144 2288 176 2288 0
w 64 2288 96 2288 0
w -1312 1200 -1312 1840 0
w -864 1840 -1312 1840 0
w 928 1776 928 1456 0
w 464 1776 464 1456 0
w 0 1776 0 1456 0
w -464 1776 -464 1456 0
w -960 1776 -960 1456 0
w -864 2016 -864 1968 1
f -928 2096 -864 2096 33 2.1 0.02
f -928 2032 -864 2032 33 2.1 0.02
w -864 2048 -864 2080 0
w -784 2112 -848 2112 0
w -544 2112 -624 2112 0
w -624 2112 -704 2112 0
w -704 2112 -784 2112 0
162 -320 2112 -320 2160 2 blue_led 0 0 1 0.03
w -240 2112 -320 2112 0
w -160 2112 -240 2112 0
w -80 2112 -160 2112 0
w -320 2112 -400 2112 0
w -400 2048 -400 2080 0
f -432 2096 -400 2096 33 2.1 0.02
162 -400 2112 -400 2160 2 blue_led 0 0 1 0.03
162 -240 2112 -240 2160 2 blue_led 0 0 1 0.03
162 -160 2112 -160 2160 2 blue_led 0 0 1 0.03
162 -80 2112 -80 2160 2 blue_led 0 0 1 0.03
162 -848 2112 -848 2160 2 blue_led 0 0 1 0.03
162 -784 2112 -784 2160 2 blue_led 0 0 1 0.03
162 -704 2112 -704 2160 2 blue_led 0 0 1 0.03
162 -624 2112 -624 2160 2 blue_led 0 0 1 0.03
162 -544 2112 -544 2160 2 blue_led 0 0 1 0.03
w -848 2160 -848 2272 0
w -848 2272 -624 2272 0
w 64 2272 64 2288 0
w -400 2160 -400 2272 0
w -400 2272 -624 2272 0
w -320 2160 -320 2256 0
w -320 2256 -544 2256 0
w 144 2256 144 2288 0
w -784 2160 -784 2256 0
w -784 2256 -544 2256 0
w -704 2160 -704 2240 0
w -704 2240 -464 2240 0
w 224 2240 224 2288 0
w -624 2160 -624 2224 0
w -624 2224 -384 2224 0
w 304 2224 304 2288 0
w -464 2240 -240 2240 0
w -240 2240 -240 2160 0
w -384 2224 -160 2224 0
w -160 2160 -160 2224 0
w -80 2160 -80 2208 0
w -80 2208 -304 2208 0
w 384 2208 384 2288 0
w -544 2160 -544 2208 0
w -544 2208 -304 2208 0
w -864 2112 -848 2112 0
p -864 2048 -928 2064 1 0 0
w 384 2160 384 2208 0
w 304 2160 304 2224 0
w 224 2240 224 2160 0
w 144 2160 144 2256 0
w 64 2160 64 2272 0
162 384 2112 384 2160 2 blue_led 0 0 1 0.03
162 304 2112 304 2160 2 blue_led 0 0 1 0.03
162 224 2112 224 2160 2 blue_led 0 0 1 0.03
162 64 2112 64 2160 2 blue_led 0 0 1 0.03
f 32 2096 64 2096 33 2.1 0.02
w 64 2048 64 2080 0
w 144 2112 64 2112 0
w 384 2112 304 2112 0
w 304 2112 224 2112 0
w 224 2112 144 2112 0
162 144 2112 144 2160 2 blue_led 0 0 1 0.03
w -400 2272 64 2272 0
w 144 2256 -320 2256 0
w -240 2240 224 2240 0
w 304 2224 -160 2224 0
w -80 2208 384 2208 0
w -864 1840 -864 1968 0
w 384 2208 848 2208 0
w 768 2224 304 2224 0
w 224 2240 688 2240 0
w 608 2256 144 2256 0
w 64 2272 528 2272 0
162 608 2112 608 2160 2 blue_led 0 0 1 0.03
w 688 2112 608 2112 0
w 768 2112 688 2112 0
w 848 2112 768 2112 0
w 608 2112 528 2112 0
w 528 2048 528 2080 0
f 496 2096 528 2096 33 2.1 0.02
162 528 2112 528 2160 2 blue_led 0 0 1 0.03
162 688 2112 688 2160 2 blue_led 0 0 1 0.03
162 768 2112 768 2160 2 blue_led 0 0 1 0.03
162 848 2112 848 2160 2 blue_led 0 0 1 0.03
w 528 2160 528 2272 0
w 608 2160 608 2256 0
w 688 2240 688 2160 0
w 768 2160 768 2224 0
w 848 2160 848 2208 0
w 848 2208 1312 2208 0
w 1232 2224 768 2224 0
w 688 2240 1152 2240 0
w 1072 2256 608 2256 0
w 528 2272 992 2272 0
162 1072 2112 1072 2160 2 blue_led 0 0 1 0.03
p 1312 2160 1376 2160 1 0 0
p 1312 2112 1376 2112 1 0 0
w 1152 2112 1072 2112 0
w 1232 2112 1152 2112 0
w 1312 2112 1232 2112 0
w 1072 2112 992 2112 0
w 992 2048 992 2080 0
f 960 2096 992 2096 33 2.1 0.02
162 992 2112 992 2160 2 blue_led 0 0 1 0.03
162 1152 2112 1152 2160 2 blue_led 0 0 1 0.03
162 1232 2112 1232 2160 2 blue_led 0 0 1 0.03
162 1312 2112 1312 2160 2 blue_led 0 0 1 0.03
w 992 2160 992 2272 0
w 1072 2160 1072 2256 0
w 1152 2240 1152 2160 0
w 1232 2160 1232 2224 0
w 1312 2160 1312 2208 0
w -928 2032 -960 2032 0
r -1136 2032 -960 2032 0 56000
w -960 1776 -960 2096 0
w -928 2096 -960 2096 0
w -464 1776 -464 2096 0
w -432 2096 -464 2096 0
w 0 1776 0 2096 0
w 32 2096 0 2096 0
w 464 1776 464 2096 0
w 496 2096 464 2096 0
w 928 1776 928 2096 0
w 960 2096 928 2096 0
w 416 2928 416 2288 0
w 336 2288 336 2928 0
w 256 2928 256 2288 0
w 176 2288 176 2928 0
w 96 2288 96 2928 0
w 384 2928 416 2928 0
w 304 2928 336 2928 0
w 224 2928 256 2928 0
w 144 2928 176 2928 0
w 64 2928 96 2928 0
w -1312 1840 -1312 2480 0
w -864 2480 -1312 2480 0
w 928 2416 928 2096 0
w 464 2416 464 2096 0
w 0 2416 0 2096 0
w -464 2416 -464 2096 0
w -960 2416 -960 2096 0
w -864 2656 -864 2608 1
f -928 2736 -864 2736 33 2.1 0.02
f -928 2672 -864 2672 33 2.1 0.02
w -864 2688 -864 2720 0
w -784 2752 -848 2752 0
w -544 2752 -624 2752 0
w -624 2752 -704 2752 0
w -704 2752 -784 2752 0
162 -320 2752 -320 2800 2 blue_led 0 0 1 0.03
w -240 2752 -320 2752 0
w -160 2752 -240 2752 0
w -80 2752 -160 2752 0
w -320 2752 -400 2752 0
w -400 2688 -400 2720 0
f -432 2736 -400 2736 33 2.1 0.02
162 -400 2752 -400 2800 2 blue_led 0 0 1 0.03
162 -240 2752 -240 2800 2 blue_led 0 0 1 0.03
162 -160 2752 -160 2800 2 blue_led 0 0 1 0.03
162 -80 2752 -80 2800 2 blue_led 0 0 1 0.03
162 -848 2752 -848 2800 2 blue_led 0 0 1 0.03
162 -784 2752 -784 2800 2 blue_led 0 0 1 0.03
162 -704 2752 -704 2800 2 blue_led 0 0 1 0.03
162 -624 2752 -624 2800 2 blue_led 0 0 1 0.03
162 -544 2752 -544 2800 2 blue_led 0 0 1 0.03
w -848 2800 -848 2912 0
w -848 2912 -624 2912 0
w 64 2912 64 2928 0
w -400 2800 -400 2912 0
w -400 2912 -624 2912 0
w -320 2800 -320 2896 0
w -320 2896 -544 2896 0
w 144 2896 144 2928 0
w -784 2800 -784 2896 0
w -784 2896 -544 2896 0
w -704 2800 -704 2880 0
w -704 2880 -464 2880 0
w 224 2880 224 2928 0
w -624 2800 -624 2864 0
w -624 2864 -384 2864 0
w 304 2864 304 2928 0
w -464 2880 -240 2880 0
w -240 2880 -240 2800 0
w -384 2864 -160 2864 0
w -160 2800 -160 2864 0
w -80 2800 -80 2848 0
w -80 2848 -304 2848 0
w 384 2848 384 2928 0
w -544 2800 -544 2848 0
w -544 2848 -304 2848 0
w -864 2752 -848 2752 0
p -864 2688 -944 2720 1 0 0
w 384 2800 384 2848 0
w 304 2800 304 2864 0
w 224 2880 224 2800 0
w 144 2800 144 2896 0
w 64 2800 64 2912 0
162 384 2752 384 2800 2 blue_led 0 0 1 0.03
162 304 2752 304 2800 2 blue_led 0 0 1 0.03
162 224 2752 224 2800 2 blue_led 0 0 1 0.03
162 64 2752 64 2800 2 blue_led 0 0 1 0.03
f 32 2736 64 2736 33 2.1 0.02
w 64 2688 64 2720 0
w 144 2752 64 2752 0
w 384 2752 304 2752 0
w 304 2752 224 2752 0
w 224 2752 144 2752 0
162 144 2752 144 2800 2 blue_led 0 0 1 0.03
w -400 2912 64 2912 0
w 144 2896 -320 2896 0
w -240 2880 224 2880 0
w 304 2864 -160 2864 0
w -80 2848 384 2848 0
w -864 2480 -864 2608 0
w 384 2848 848 2848 0
w 768 2864 304 2864 0
w 224 2880 688 2880 0
w 608 2896 144 2896 0
w 64 2912 528 2912 0
162 608 2752 608 2800 2 blue_led 0 0 1 0.03
w 688 2752 608 2752 0
w 768 2752 688 2752 0
w 848 2752 768 2752 0
w 608 2752 528 2752 0
w 528 2688 528 2720 0
f 496 2736 528 2736 33 2.1 0.02
162 528 2752 528 2800 2 blue_led 0 0 1 0.03
162 688 2752 688 2800 2 blue_led 0 0 1 0.03
162 768 2752 768 2800 2 blue_led 0 0 1 0.03
162 848 2752 848 2800 2 blue_led 0 0 1 0.03
w 528 2800 528 2912 0
w 608 2800 608 2896 0
w 688 2880 688 2800 0
w 768 2800 768 2864 0
w 848 2800 848 2848 0
w 848 2848 1312 2848 0
w 1232 2864 768 2864 0
w 688 2880 1152 2880 0
w 1072 2896 608 2896 0
w 528 2912 992 2912 0
162 1072 2752 1072 2800 2 blue_led 0 0 1 0.03
p 1312 2800 1376 2800 1 0 0
p 1312 2752 1376 2752 1 0 0
w 1152 2752 1072 2752 0
w 1232 2752 1152 2752 0
w 1312 2752 1232 2752 0
w 1072 2752 992 2752 0
w 992 2688 992 2720 0
f 960 2736 992 2736 33 2.1 0.02
162 992 2752 992 2800 2 blue_led 0 0 1 0.03
162 1152 2752 1152 2800 2 blue_led 0 0 1 0.03
162 1232 2752 1232 2800 2 blue_led 0 0 1 0.03
162 1312 2752 1312 2800 2 blue_led 0 0 1 0.03
w 992 2800 992 2912 0
w 1072 2800 1072 2896 0
w 1152 2880 1152 2800 0
w 1232 2800 1232 2864 0
w 1312 2800 1312 2848 0
w -928 2672 -960 2672 0
r -1136 2672 -960 2672 0 56000
w -960 2416 -960 2736 0
w -928 2736 -960 2736 0
w -464 2416 -464 2736 0
w -432 2736 -464 2736 0
w 0 2416 0 2736 0
w 32 2736 0 2736 0
w 464 2416 464 2736 0
w 496 2736 464 2736 0
w 928 2416 928 2736 0
w 960 2736 928 2736 0
R -1136 1392 -1184 1392 0 0 40 3.3 0 0 0.5
R -1136 2032 -1184 2032 0 0 40 3.234 0 0 0.5
R -1136 2672 -1184 2672 0 0 40 3.3 0 0 0.5
w -864 128 -400 128 0
w -400 128 64 128 0
w 64 128 528 128 0
w 528 128 992 128 0
w 528 768 992 768 0
w 64 768 528 768 0
w -400 768 64 768 0
w -864 768 -400 768 0
w 528 1408 992 1408 0
w 64 1408 528 1408 0
w -400 1408 64 1408 0
w -864 1408 -400 1408 0
w 528 2048 992 2048 0
w 64 2048 528 2048 0
w -400 2048 64 2048 0
w -864 2048 -400 2048 0
w 528 2688 992 2688 0
w 64 2688 528 2688 0
w -400 2688 64 2688 0
w -864 2688 -400 2688 0
o 1 64 0 4099 1.25 0.025 0 2 1 3
o 14 64 0 4099 0.0000762939453125 0.00009765625 1 2 14 3
38 313 F1 0 0 3.3 -1 X1
38 752 F1 0 0 3.3 -1 X2
38 753 F1 0 0 3.3 -1 X3
38 754 F1 0 0 3.3 -1 X4
